%POISSON 
0.000000 

%ELASTICITY 
0.000000 

%SIGMAMAXMAT 
0.000000 

%NODE.BOUND 
48.000000 
1 1.000000 0 
2 0.9659 0.2588
3 0.9659 0.2588
4 0.8660 0.5000
5 0.8660 0.5000
6 0.7071 0.7071
7 0.7071 0.7071
8 0.5000 0.8660
9 0.5000 0.8660
10 0.2588 0.9659
11 0.2588 0.9659
12 0.0000 1.0000
13 0.0000 1.0000
14 -0.2588 0.9659
15 -0.2588 0.9659
16 -0.5000 0.8660
17 -0.5000 0.8660
18 -0.7071 0.7071
19 -0.7071 0.7071
20 -0.8660 0.5000
21 -0.8660 0.5000
22 -0.9659 0.2588
23 -0.9659 0.2588
24 -1.0000 0.0000
25 -1.0000 0.0000
26 -0.9659 -0.2588
27 -0.9659 -0.2588
28 -0.8660 -0.5000
29 -0.8660 -0.5000
30 -0.7071 -0.7071
31 -0.7071 -0.7071
32 -0.5000 -0.8660
33 -0.5000 -0.8660
34 -0.2588 -0.9659
35 -0.2588 -0.9659
36 -0.0000 -1.0000
37 -0.0000 -1.0000
38 0.2588 -0.9659
39 0.2588 -0.9659
40 0.5000 -0.8660
41 0.5000 -0.8660
42 0.7071 -0.7071
43 0.7071 -0.7071
44 0.8660 -0.5000
45 0.8660 -0.5000
46 0.9659 -0.2588
47 0.9659 -0.2588
16 1.000000 0 
%NODE.IN 
5 
1 12 0 
2 16 0 
3 18 0 
4 20 0 
5 24 0 
%ELEMENT 
24.000000 
1 2 1
2 4 3
3 6 5
4 8 7
5 10 9
6 12 11
7 14 13
8 16 15
9 18 17
10 20 19
11 22 21
12 24 23
13 26 25
14 28 27
15 30 29
16 32 31
17 34 33
18 36 35
19 38 37
20 40 39
21 42 41
22 44 43
23 46 45
24 48 47
%CODE  
Coord     Cód     val 
1 1 0.000000 
2 1 0 
2 1 0.0000
3 1 0.0000
4 1 0.0000
5 1 0.0000
6 1 0.0000
7 1 0.0000
8 1 0.0000
9 1 0.0000
10 1 0.0000
11 1 0.0000
12 1 0.0000
13 1 0.0000
14 1 0.0000
15 1 0.0000
16 1 0.0000
17 1 0.0000
18 1 0.0000
19 1 0.0000
20 1 0.0000
21 1 0.0000
22 1 0.0000
23 1 0.0000
24 1 0.0000
25 1 0.0000
26 1 -0.0000
27 1 0.0000
28 1 -0.0000
29 1 0.0000
30 1 -0.0000
31 1 0.0000
32 1 -0.0000
33 1 0.0000
34 1 -0.0000
35 1 0.0000
36 1 -0.0000
37 1 0.0000
38 1 -0.0000
39 1 0.0000
40 1 -0.0000
41 1 0.0000
42 1 -0.0000
43 1 0.0000
44 1 -0.0000
45 1 0.0000
46 1 -0.0000
47 1 0.0000
48 1 -0.0000
49 1 0.0000
50 1 -0.0000
51 1 -0.0000
52 1 -0.0000
53 1 -0.0000
54 1 -0.0000
55 1 -0.0000
56 1 -0.0000
57 1 -0.0000
58 1 -0.0000
59 1 -0.0000
60 1 -0.0000
61 1 -0.0000
62 1 -0.0000
63 1 -0.0000
64 1 -0.0000
65 1 -0.0000
66 1 -0.0000
67 1 -0.0000
68 1 -0.0000
69 1 -0.0000
70 1 -0.0000
71 1 -0.0000
72 1 -0.0000
73 1 -0.0000
74 1 0.0000
75 1 -0.0000
76 1 0.0000
77 1 -0.0000
78 1 0.0000
79 1 -0.0000
80 1 0.0000
81 1 -0.0000
82 1 0.0000
83 1 -0.0000
84 1 0.0000
85 1 -0.0000
86 1 0.0000
87 1 -0.0000
88 1 0.0000
89 1 -0.0000
90 1 0.0000
91 1 -0.0000
92 1 0.0000
93 1 -0.0000
31 1 0.000000 
32 1 0 
