%POISSON 
0.000000 

%ELASTICITY 
0.000000 

%SIGMAMAXMAT 
0.000000 

%NODE.BOUND 
16.000000 
1 1.000000 0 
2 0.7071 0.7071
3 0.7071 0.7071
4 0.0000 1.0000
5 0.0000 1.0000
6 -0.7071 0.7071
7 -0.7071 0.7071
8 -1.0000 0.0000
9 -1.0000 0.0000
10 -0.7071 -0.7071
11 -0.7071 -0.7071
12 -0.0000 -1.0000
13 -0.0000 -1.0000
14 0.7071 -0.7071
15 0.7071 -0.7071
16 1.000000 0 
%NODE.IN 
5 
1 12 0 
2 16 0 
3 18 0 
4 20 0 
5 24 0 
%ELEMENT 
8.000000 
1 2 1
2 4 3
3 6 5
4 8 7
5 10 9
6 12 11
7 14 13
8 16 15
%CODE  
Coord     Cód     val 
1 1 0.000000 
2 1 0 
2 1 0.0000
3 1 0.0000
4 1 0.0000
5 1 0.0000
6 1 0.0000
7 1 0.0000
8 1 0.0000
9 1 0.0000
10 1 -0.0000
11 1 0.0000
12 1 -0.0000
13 1 0.0000
14 1 -0.0000
15 1 0.0000
16 1 -0.0000
17 1 0.0000
18 1 -0.0000
19 1 -0.0000
20 1 -0.0000
21 1 -0.0000
22 1 -0.0000
23 1 -0.0000
24 1 -0.0000
25 1 -0.0000
26 1 0.0000
27 1 -0.0000
28 1 0.0000
29 1 -0.0000
31 1 0.000000 
32 1 0 
