ARQUIVO DE SAIDA DE DADOS E RESULTADOS 

Dados de entrada do problema 2D elastostatico 
Modulo de elasticidade longitudinal     1.0000 
Modulo de elasticidade transversal     0.3751 
Coeficiente de Poisson                  0.3330 
Resistencia aa Compressao do Material     0.0500 
Numero de elementos                  14 
Numero de contornos                  28 
Numero de nos Interno                 1 
Coordenadas X e Y dosuNos do Contorno:

 No    Coord-X    Coord-Y 
   1     0.0000     0.0000
   2     9.6000     8.8000
   3     9.6000     8.8000
   4    19.2000    17.6000
   5    19.2000    17.6000
   6    28.8000    26.4000
   7    28.8000    26.4000
   8    38.4000    35.2000
   9    38.4000    35.2000
  10    48.0000    44.0000
  11    48.0000    44.0000
  12    48.0000    52.0000
  13    48.0000    52.0000
  14    48.0000    60.0000
  15    48.0000    60.0000
  16    38.4000    56.8000
  17    38.4000    56.8000
  18    28.8000    53.6000
  19    28.8000    53.6000
  20    19.2000    50.4000
  21    19.2000    50.4000
  22     9.6000    47.2000
  23     9.6000    47.2000
  24     0.0000    44.0000
  25     0.0000    44.0000
  26     0.0000    22.0000
  27     0.0000    22.0000
  28     0.0000     0.0000

 Conectividade dos Elementos

 Elemento  No Inicial    No Final 
       1            1            2 
       2            3            4 
       3            5            6 
       4            7            8 
       5            9           10 
       6           11           12 
       7           13           14 
       8           15           16 
       9           17           18 
      10           19           20 
      11           21           22 
      12           23           24 
      13           25           26 
      14           27           28 

 Resultados Encontrados 

 *** PONTOS DO CONTORNO *** 

 LPoint    Desloc-X   Desloc-Y       FSuperf-X   FSuperf-Y 
   1         0.0000     0.0000         -0.9964    -0.9998
   2        10.6758    22.0405          0.0000     0.0000
   3        12.3554    23.1101          0.0000     0.0000
   4        20.4921    60.9098          0.0000     0.0000
   5        22.8407    60.1598          0.0000     0.0000
   6        21.5329   126.9761          0.0000     0.0000
   7        24.6443   128.1720          0.0000     0.0000
   8        -6.6097   235.8191          0.0000     0.0000
   9        -4.0711   240.0973          0.0000     0.0000
  10       -82.4233   382.6807          0.0000     1.0000
  11       -88.0445   378.1863          0.0000     0.0000
  12      -179.9012   388.8585          0.0000     1.0000
  13      -178.4903   392.0669          0.0000     1.0000
  14      -290.9962   402.0188          0.0000     1.0000
  15      -294.5795   396.2139          0.0000     0.0000
  16      -237.9963   254.2153          0.0000     0.0000
  17      -236.3146   254.8875          0.0000     0.0000
  18      -177.6904   146.9724          0.0000     0.0000
  19      -175.8374   147.1189          0.0000     0.0000
  20      -119.2144    71.0275          0.0000     0.0000
  21      -118.4539    71.6296          0.0000     0.0000
  22       -64.3127    22.1496          0.0000     0.0000
  23       -58.1282    20.8041          0.0000     0.0000
  24         0.0000     0.0000          5.9862    -0.5974
  25       -36.6545     2.9001          0.0000     0.0000
  26         0.0000     0.0000         -0.5074     0.0323
  27         0.0000     0.0000         -1.6491    -0.8984
  28         8.1537     9.1505          0.0000     0.0000

 *** PONTOS INTERNOS *** 

 P_int   Coord-X   Coord-Y        Desloc-X   Desloc-Y       Tensao-X   Tensao-Y   Tensao_XY      Sigma1    Sigma2    Teta1  Teta2
   0    35.2000    44.0000       -85.2324   208.3213         -0.1860     0.8713     0.7719       0.4801     0.2052  -27.8   62.2

 *** PROC. ITERATIVO: PONTOS INTERNOS sigmaMax E DeslMax *** 

 Passo de Carga P_int   Coord-X   Coord-Y       F.Superf.       Tensao-Y
              1    0    35.2000    44.0000     0.00000000     0.00000000 
              2    0    35.2000    44.0000     0.00286942     0.00250000 
              3    0    35.2000    44.0000     0.00573885     0.00500000 
              4    0    35.2000    44.0000     0.00860827     0.00750000 
              5    0    35.2000    44.0000     0.01147770     0.01000000 
              6    0    35.2000    44.0000     0.01434712     0.01250000 
              7    0    35.2000    44.0000     0.01721655     0.01500000 
              8    0    35.2000    44.0000     0.02008597     0.01750000 
              9    0    35.2000    44.0000     0.02295540     0.02000000 
             10    0    35.2000    44.0000     0.02582482     0.02250000 
             11    0    35.2000    44.0000     0.02869425     0.02500000 
             12    0    35.2000    44.0000     0.03156367     0.02750000 
             13    0    35.2000    44.0000     0.03443309     0.03000000 
             14    0    35.2000    44.0000     0.03730252     0.03250000 
             15    0    35.2000    44.0000     0.04017194     0.03500000 
             16    0    35.2000    44.0000     0.04304137     0.03750000 
             17    0    35.2000    44.0000     0.04591079     0.04000000 
             18    0    35.2000    44.0000     0.04878022     0.04250000 
             19    0    35.2000    44.0000     0.05164964     0.04500000 
             20    0    35.2000    44.0000     0.05451907     0.04750000 
             21    0    35.2000    44.0000     0.05738849     0.05000000 

 Passo de Carga P_int   Coord-X   Coord-Y        Desloc-Y      F.Superf.
              1    0    35.2000    44.0000     0.00000000     0.00000000 
              2    0    35.2000    44.0000     0.52080335     0.00286942 
              3    0    35.2000    44.0000     1.04160670     0.00573885 
              4    0    35.2000    44.0000     1.56241005     0.00860827 
              5    0    35.2000    44.0000     2.08321340     0.01147770 
              6    0    35.2000    44.0000     2.60401675     0.01434712 
              7    0    35.2000    44.0000     3.12482010     0.01721655 
              8    0    35.2000    44.0000     3.64562345     0.02008597 
              9    0    35.2000    44.0000     4.16642680     0.02295540 
             10    0    35.2000    44.0000     4.68723016     0.02582482 
             11    0    35.2000    44.0000     5.20803351     0.02869425 
             12    0    35.2000    44.0000     5.72883686     0.03156367 
             13    0    35.2000    44.0000     6.24964021     0.03443309 
             14    0    35.2000    44.0000     6.77044356     0.03730252 
             15    0    35.2000    44.0000     7.29124691     0.04017194 
             16    0    35.2000    44.0000     7.81205026     0.04304137 
             17    0    35.2000    44.0000     8.33285361     0.04591079 
             18    0    35.2000    44.0000     8.85365696     0.04878022 
             19    0    35.2000    44.0000     9.37446031     0.05164964 
             20    0    35.2000    44.0000     9.89526366     0.05451907 
             21    0    35.2000    44.0000    10.41606701     0.05738849 
