ARQUIVO DE SAIDA DE DADOS E RESULTADOS 

Dados de entrada do problema 2D elastostatico 
Modulo de elasticidade longitudinal  2000.0000 
Modulo de elasticidade transversal   769.2308 
Coeficiente de Poisson                  0.3000 
Resistencia aa Compressao do Material     1.0000 
Numero de elementos                  14 
Numero de contornos                  28 
Numero de nos Interno                 1 
Coordenadas X e Y dosuNos do Contorno:

 No    Coord-X    Coord-Y 
   1     0.0000     0.0000
   2     9.6000     8.8000
   3     9.6000     8.8000
   4    19.2000    17.6000
   5    19.2000    17.6000
   6    28.8000    26.4000
   7    28.8000    26.4000
   8    38.4000    35.2000
   9    38.4000    35.2000
  10    48.0000    44.0000
  11    48.0000    44.0000
  12    48.0000    52.0000
  13    48.0000    52.0000
  14    48.0000    60.0000
  15    48.0000    60.0000
  16    38.4000    56.8000
  17    38.4000    56.8000
  18    28.8000    53.6000
  19    28.8000    53.6000
  20    19.2000    50.4000
  21    19.2000    50.4000
  22     9.6000    47.2000
  23     9.6000    47.2000
  24     0.0000    44.0000
  25     0.0000    44.0000
  26     0.0000    22.0000
  27     0.0000    22.0000
  28     0.0000     0.0000

 Conectividade dos Elementos

 Elemento  No Inicial    No Final 
       1            1            2 
       2            3            4 
       3            5            6 
       4            7            8 
       5            9           10 
       6           11           12 
       7           13           14 
       8           15           16 
       9           17           18 
      10           19           20 
      11           21           22 
      12           23           24 
      13           25           26 
      14           27           28 

 Resultados Encontrados 

 *** PONTOS DO CONTORNO *** 

 LPoint    Desloc-X   Desloc-Y       FSuperf-X   FSuperf-Y 
   1         0.0000     0.0000         -0.7887    -0.1855
   2        -0.0072    -0.0146          0.0000     0.0000
   3        -0.0087    -0.0110          0.0000     0.0000
   4        -0.0274    -0.0452          0.0000     0.0000
   5        -0.0341    -0.0450          0.0000     0.0000
   6        -0.0248    -0.1435          0.0000     0.0000
   7        -0.0303    -0.1483          0.0000     0.0000
   8         0.0528    -0.3159          0.0000     0.0000
   9         0.0486    -0.3231          0.0000     0.0000
  10         0.2320    -0.5377          0.0000     0.0000
  11         0.2549    -0.5431         11.0000     0.0000
  12         0.4271    -0.5495         11.0000     0.0000
  13         0.4228    -0.5485         11.0000     0.0000
  14         0.5613    -0.5596          0.0000     0.0000
  15         0.5674    -0.5595          0.0000     0.0000
  16         0.4845    -0.3706          0.0000     0.0000
  17         0.4808    -0.3637          0.0000     0.0000
  18         0.3578    -0.1932          0.0000     0.0000
  19         0.3534    -0.1929          0.0000     0.0000
  20         0.2298    -0.0778          0.0000     0.0000
  21         0.2274    -0.0798          0.0000     0.0000
  22         0.1153    -0.0110          0.0000     0.0000
  23         0.1096     0.0000          0.0000     5.3397
  24         0.0000     0.0000         -4.9595     1.6174
  25         0.0000     0.0000        -17.4136    -3.7674
  26         0.0000     0.0000          3.7178    -1.0694
  27         0.0000     0.0000          2.2414     0.1257
  28         0.0000     0.0000          2.1797     1.6636

 *** PONTOS INTERNOS *** 

 P_int   Coord-X   Coord-Y        Desloc-X   Desloc-Y       Tensao-X   Tensao-Y   Tensao_XY      Sigma1    Sigma2    Teta1  Teta2
   0    35.2000    44.0000         0.2062    -0.2777          6.6013    -2.2952     0.3628       6.9482    -2.6421    2.3   92.3

 *** PROC. ITERATIVO: PONTOS INTERNOS sigmaMax E DeslMax *** 

 Passo de Carga P_int   Coord-X   Coord-Y       F.Superf.       Tensao-Y
              1    0    35.2000    44.0000    -0.00000000     0.00000000 
              2    0    35.2000    44.0000    -0.02178433     0.05000000 
              3    0    35.2000    44.0000    -0.04356866     0.10000000 
              4    0    35.2000    44.0000    -0.06535300     0.15000000 
              5    0    35.2000    44.0000    -0.08713733     0.20000000 
              6    0    35.2000    44.0000    -0.10892166     0.25000000 
              7    0    35.2000    44.0000    -0.13070599     0.30000000 
              8    0    35.2000    44.0000    -0.15249033     0.35000000 
              9    0    35.2000    44.0000    -0.17427466     0.40000000 
             10    0    35.2000    44.0000    -0.19605899     0.45000000 
             11    0    35.2000    44.0000    -0.21784332     0.50000000 
             12    0    35.2000    44.0000    -0.23962766     0.55000000 
             13    0    35.2000    44.0000    -0.26141199     0.60000000 
             14    0    35.2000    44.0000    -0.28319632     0.65000000 
             15    0    35.2000    44.0000    -0.30498065     0.70000000 
             16    0    35.2000    44.0000    -0.32676499     0.75000000 
             17    0    35.2000    44.0000    -0.34854932     0.80000000 
             18    0    35.2000    44.0000    -0.37033365     0.85000000 
             19    0    35.2000    44.0000    -0.39211798     0.90000000 
             20    0    35.2000    44.0000    -0.41390232     0.95000000 
             21    0    35.2000    44.0000    -0.43568665     1.00000000 

 Passo de Carga P_int   Coord-X   Coord-Y        Desloc-Y      F.Superf.
              1    0    35.2000    44.0000    -0.00000000    -0.00000000 
              2    0    35.2000    44.0000    -0.01388303    -0.02178433 
              3    0    35.2000    44.0000    -0.02776606    -0.04356866 
              4    0    35.2000    44.0000    -0.04164909    -0.06535300 
              5    0    35.2000    44.0000    -0.05553212    -0.08713733 
              6    0    35.2000    44.0000    -0.06941515    -0.10892166 
              7    0    35.2000    44.0000    -0.08329818    -0.13070599 
              8    0    35.2000    44.0000    -0.09718121    -0.15249033 
              9    0    35.2000    44.0000    -0.11106424    -0.17427466 
             10    0    35.2000    44.0000    -0.12494727    -0.19605899 
             11    0    35.2000    44.0000    -0.13883030    -0.21784332 
             12    0    35.2000    44.0000    -0.15271333    -0.23962766 
             13    0    35.2000    44.0000    -0.16659636    -0.26141199 
             14    0    35.2000    44.0000    -0.18047939    -0.28319632 
             15    0    35.2000    44.0000    -0.19436242    -0.30498065 
             16    0    35.2000    44.0000    -0.20824545    -0.32676499 
             17    0    35.2000    44.0000    -0.22212848    -0.34854932 
             18    0    35.2000    44.0000    -0.23601151    -0.37033365 
             19    0    35.2000    44.0000    -0.24989454    -0.39211798 
             20    0    35.2000    44.0000    -0.26377757    -0.41390232 
             21    0    35.2000    44.0000    -0.27766060    -0.43568665 
