ARQUIVO DE SAIDA DE DADOS E RESULTADOS 

Dados de entrada do problema 2D elastostatico 
Modulo de elasticidade longitudinal 200000000000.0000 
Modulo de elasticidade transversal 75187969924.8120 
Coeficiente de Poisson                  0.3300 
Resistencia aa Compressao do Material     0.0005 
Numero de elementos                  32 
Numero de contornos                  64 
Numero de nos Interno                 4 
Coordenadas X e Y dosuNos do Contorno:

 No    Coord-X    Coord-Y 
   1    10.0000   -10.0000
   2     0.0000   -10.0000
   3     0.0000   -10.0000
   4   -10.0000   -10.0000
   5   -10.0000   -10.0000
   6   -10.0000     0.0000
   7   -10.0000     0.0000
   8   -10.0000    10.0000
   9   -10.0000    10.0000
  10     0.0000    10.0000
  11     0.0000    10.0000
  12    10.0000    10.0000
  13    10.0000    10.0000
  14    10.0000     0.0000
  15    10.0000     0.0000
  16    10.0000   -10.0000
  17     1.0000     0.0000
  18     0.9659     0.2588
  19     0.9659     0.2588
  20     0.8660     0.5000
  21     0.8660     0.5000
  22     0.7071     0.7071
  23     0.7071     0.7071
  24     0.5000     0.8660
  25     0.5000     0.8660
  26     0.2588     0.9659
  27     0.2588     0.9659
  28     0.0000     1.0000
  29     0.0000     1.0000
  30    -0.2588     0.9659
  31    -0.2588     0.9659
  32    -0.5000     0.8660
  33    -0.5000     0.8660
  34    -0.7071     0.7071
  35    -0.7071     0.7071
  36    -0.8660     0.5000
  37    -0.8660     0.5000
  38    -0.9659     0.2588
  39    -0.9659     0.2588
  40    -1.0000     0.0000
  41    -1.0000     0.0000
  42    -0.9659    -0.2588
  43    -0.9659    -0.2588
  44    -0.8660    -0.5000
  45    -0.8660    -0.5000
  46    -0.7071    -0.7071
  47    -0.7071    -0.7071
  48    -0.5000    -0.8660
  49    -0.5000    -0.8660
  50    -0.2588    -0.9659
  51    -0.2588    -0.9659
  52    -0.0000    -1.0000
  53    -0.0000    -1.0000
  54     0.2588    -0.9659
  55     0.2588    -0.9659
  56     0.5000    -0.8660
  57     0.5000    -0.8660
  58     0.7071    -0.7071
  59     0.7071    -0.7071
  60     0.8660    -0.5000
  61     0.8660    -0.5000
  62     0.9659    -0.2588
  63     0.9659    -0.2588
  64     1.0000     0.0000

 Conectividade dos Elementos

 Elemento  No Inicial    No Final 
       1            2            1 
       2            4            3 
       3            6            5 
       4            8            7 
       5           10            9 
       6           12           11 
       7           14           13 
       8           16           15 
       9           18           17 
      10           20           19 
      11           22           21 
      12           24           23 
      13           26           25 
      14           28           27 
      15           30           29 
      16           32           31 
      17           34           33 
      18           36           35 
      19           38           37 
      20           40           39 
      21           42           41 
      22           44           43 
      23           46           45 
      24           48           47 
      25           50           49 
      26           52           51 
      27           54           53 
      28           56           55 
      29           58           57 
      30           60           59 
      31           62           61 
      32           64           63 

 Resultados Encontrados 

 *** PONTOS DO CONTORNO *** 

 LPoint    Desloc-X   Desloc-Y       FSuperf-X   FSuperf-Y 
   1         0.0001    -0.0129          0.0000 -272650000.0000
   2        -0.0057    -0.0120          0.0000 -272650000.0000
   3         0.0057    -0.0120          0.0000 -272650000.0000
   4        -0.0001    -0.0129          0.0000 -272650000.0000
   5         0.0065     0.0001          0.0000     0.0000
   6         0.0057    -0.0120         -0.0000     0.0000
   7         0.0057     0.0120         -0.0000     0.0000
   8         0.0065    -0.0001         -0.0000     0.0000
   9        -0.0001     0.0129         -0.0000 272650000.0000
  10         0.0057     0.0120         -0.0000 272650000.0000
  11        -0.0057     0.0120         -0.0000 272650000.0000
  12         0.0001     0.0129         -0.0000 272650000.0000
  13        -0.0065    -0.0001         -0.0000     0.0000
  14        -0.0057     0.0120          0.0000    -0.0000
  15        -0.0057    -0.0120          0.0000    -0.0000
  16        -0.0065     0.0001          0.0000     0.0000
  17        -0.0012     0.0009          0.0000     0.0000
  18        -0.0013     0.0000          0.0000     0.0000
  19        -0.0011     0.0018          0.0000     0.0000
  20        -0.0013     0.0010          0.0000     0.0000
  21        -0.0009     0.0026          0.0000     0.0000
  22        -0.0011     0.0019          0.0000     0.0000
  23        -0.0007     0.0032          0.0000     0.0000
  24        -0.0009     0.0027          0.0000     0.0000
  25        -0.0004     0.0036          0.0000     0.0000
  26        -0.0006     0.0033          0.0000     0.0000
  27        -0.0000     0.0038          0.0000     0.0000
  28        -0.0003     0.0036          0.0000     0.0000
  29         0.0003     0.0036          0.0000     0.0000
  30         0.0000     0.0038         -0.0000     0.0000
  31         0.0006     0.0033         -0.0000     0.0000
  32         0.0004     0.0036         -0.0000     0.0000
  33         0.0009     0.0027         -0.0000     0.0000
  34         0.0007     0.0032         -0.0000     0.0000
  35         0.0011     0.0019         -0.0000     0.0000
  36         0.0009     0.0026         -0.0000     0.0000
  37         0.0013     0.0010         -0.0000     0.0000
  38         0.0011     0.0018         -0.0000     0.0000
  39         0.0013     0.0000         -0.0000     0.0000
  40         0.0012     0.0009         -0.0000     0.0000
  41         0.0012    -0.0009         -0.0000     0.0000
  42         0.0013    -0.0000         -0.0000    -0.0000
  43         0.0011    -0.0018         -0.0000    -0.0000
  44         0.0013    -0.0010         -0.0000    -0.0000
  45         0.0009    -0.0026         -0.0000    -0.0000
  46         0.0011    -0.0019         -0.0000    -0.0000
  47         0.0007    -0.0032         -0.0000    -0.0000
  48         0.0009    -0.0027         -0.0000    -0.0000
  49         0.0004    -0.0036         -0.0000    -0.0000
  50         0.0006    -0.0033         -0.0000    -0.0000
  51         0.0000    -0.0038         -0.0000    -0.0000
  52         0.0003    -0.0036         -0.0000    -0.0000
  53        -0.0003    -0.0036         -0.0000    -0.0000
  54        -0.0000    -0.0038          0.0000    -0.0000
  55        -0.0006    -0.0033          0.0000    -0.0000
  56        -0.0004    -0.0036          0.0000    -0.0000
  57        -0.0009    -0.0027          0.0000    -0.0000
  58        -0.0007    -0.0032          0.0000    -0.0000
  59        -0.0011    -0.0019          0.0000    -0.0000
  60        -0.0009    -0.0026          0.0000    -0.0000
  61        -0.0013    -0.0010          0.0000    -0.0000
  62        -0.0011    -0.0018          0.0000    -0.0000
  63        -0.0013    -0.0000          0.0000    -0.0000
  64        -0.0012    -0.0009          0.0000     0.0000

 *** PONTOS INTERNOS *** 

 P_int   Coord-X   Coord-Y        Desloc-X   Desloc-Y       Tensao-X   Tensao-Y   Tensao_XY      Sigma1    Sigma2    Teta1  Teta2
   0     2.0000     0.0000        -0.0019     0.0000   52999436.1981 316583324.3780     0.0000 52999436.1981 316583324.3780   -0.0   90.0
   1     3.0000     0.0000        -0.0024     0.0000   19296525.3799 280144729.2320     0.0000 19296525.3799 280144729.2320   -0.0   90.0
   2     4.0000     0.0000        -0.0029     0.0000    4298198.1951 269862541.6797     0.0000 4298198.1951 269862541.6797   -0.0   90.0
   3     5.0000     0.0000        -0.0035     0.0000   -3113349.4562 264744546.8545     0.0000 -3113349.4562 264744546.8545   -0.0   90.0

 *** PROC. ITERATIVO: PONTOS INTERNOS sigmaMax E DeslMax *** 

 Passo de Carga P_int   Coord-X   Coord-Y       F.Superf.       Tensao-Y
              1    0     2.0000     0.0000     0.00000000     0.00000000 
              2    0     2.0000     0.0000     0.00000000     0.00002500 
              3    0     2.0000     0.0000     0.00000000     0.00005000 
              4    0     2.0000     0.0000     0.00000000     0.00007500 
              5    0     2.0000     0.0000     0.00000000     0.00010000 
              6    0     2.0000     0.0000     0.00000000     0.00012500 
              7    0     2.0000     0.0000     0.00000000     0.00015000 
              8    0     2.0000     0.0000     0.00000000     0.00017500 
              9    0     2.0000     0.0000     0.00000000     0.00020000 
             10    0     2.0000     0.0000     0.00000000     0.00022500 
             11    0     2.0000     0.0000     0.00000000     0.00025000 
             12    0     2.0000     0.0000     0.00000000     0.00027500 
             13    0     2.0000     0.0000     0.00000000     0.00030000 
             14    0     2.0000     0.0000     0.00000000     0.00032500 
             15    0     2.0000     0.0000     0.00000000     0.00035000 
             16    0     2.0000     0.0000     0.00000000     0.00037500 
             17    0     2.0000     0.0000     0.00000000     0.00040000 
             18    0     2.0000     0.0000     0.00000000     0.00042500 
             19    0     2.0000     0.0000     0.00000000     0.00045000 
             20    0     2.0000     0.0000     0.00000000     0.00047500 
             21    0     2.0000     0.0000     0.00000000     0.00050000 

 Passo de Carga P_int   Coord-X   Coord-Y        Desloc-Y      F.Superf.
              1    0     2.0000     0.0000     0.00000000     0.00000000 
              2    0     2.0000     0.0000     0.00000000     0.00000000 
              3    0     2.0000     0.0000     0.00000000     0.00000000 
              4    0     2.0000     0.0000     0.00000000     0.00000000 
              5    0     2.0000     0.0000     0.00000000     0.00000000 
              6    0     2.0000     0.0000     0.00000000     0.00000000 
              7    0     2.0000     0.0000     0.00000000     0.00000000 
              8    0     2.0000     0.0000     0.00000000     0.00000000 
              9    0     2.0000     0.0000     0.00000000     0.00000000 
             10    0     2.0000     0.0000     0.00000000     0.00000000 
             11    0     2.0000     0.0000     0.00000000     0.00000000 
             12    0     2.0000     0.0000     0.00000000     0.00000000 
             13    0     2.0000     0.0000     0.00000000     0.00000000 
             14    0     2.0000     0.0000     0.00000000     0.00000000 
             15    0     2.0000     0.0000     0.00000000     0.00000000 
             16    0     2.0000     0.0000     0.00000000     0.00000000 
             17    0     2.0000     0.0000     0.00000000     0.00000000 
             18    0     2.0000     0.0000     0.00000000     0.00000000 
             19    0     2.0000     0.0000     0.00000000     0.00000000 
             20    0     2.0000     0.0000     0.00000000     0.00000000 
             21    0     2.0000     0.0000     0.00000000     0.00000000 
