ARQUIVO DE SAIDA DE DADOS E RESULTADOS 

Dados de entrada do problema 2D elastostatico 
Modulo de elasticidade longitudinal 200000.0000 
Modulo de elasticidade transversal 80000.0000 
Coeficiente de Poisson                  0.2500 
Resistencia aa Compressao do Material     0.2000 
Numero de elementos                   8 
Numero de contornos                  16 
Numero de nos Interno                 5 
Coordenadas X e Y dosuNos do Contorno:

 No    Coord-X    Coord-Y 
   1    25.0000     0.0000
   2     0.0000    25.0000
   3     0.0000    25.0000
   4   -25.0000     0.0000
   5   -25.0000     0.0000
   6    -0.0000   -25.0000
   7    -0.0000   -25.0000
   8    25.0000     0.0000
   9    10.0000     0.0000
  10     0.0000    10.0000
  11     0.0000    10.0000
  12   -10.0000     0.0000
  13   -10.0000     0.0000
  14    -0.0000   -10.0000
  15    -0.0000   -10.0000
  16    10.0000     0.0000

 Conectividade dos Elementos

 Elemento  No Inicial    No Final 
       1            1            2 
       2            3            4 
       3            5            6 
       4            7            8 
       5           10            9 
       6           12           11 
       7           14           13 
       8           16           15 

 Resultados Encontrados 

 *** PONTOS DO CONTORNO *** 

 LPoint    Desloc-X   Desloc-Y       FSuperf-X   FSuperf-Y 
   1         0.0053    -0.0007          0.0000     0.0000
   2        -0.0007     0.0053          0.0000     0.0000
   3         0.0007     0.0053          0.0000     0.0000
   4        -0.0053    -0.0007         -0.0000     0.0000
   5        -0.0053     0.0007         -0.0000     0.0000
   6         0.0007    -0.0053         -0.0000    -0.0000
   7        -0.0007    -0.0053         -0.0000    -0.0000
   8         0.0053     0.0007          0.0000     0.0000
   9         0.0069     0.0034        100.0000     0.0000
  10         0.0034     0.0069          0.0000   100.0000
  11        -0.0034     0.0069          0.0000   100.0000
  12        -0.0069     0.0034       -100.0000     0.0000
  13        -0.0069    -0.0034       -100.0000     0.0000
  14        -0.0034    -0.0069         -0.0000  -100.0000
  15         0.0034    -0.0069         -0.0000  -100.0000
  16         0.0069    -0.0034        100.0000     0.0000

 *** PONTOS INTERNOS *** 

 P_int   Coord-X   Coord-Y        Desloc-X   Desloc-Y       Tensao-X   Tensao-Y   Tensao_XY      Sigma1    Sigma2    Teta1  Teta2
   0    12.0000     0.0000         0.0026    -0.0000        106.8680   111.6315    -0.0000     106.8680   111.6315    0.0   90.0
   1    16.0000     0.0000         0.0033    -0.0000         32.1844    42.3416    -0.0000      32.1844    42.3416    0.0   90.0
   2    18.0000     0.0000         0.0035    -0.0000         27.3791    31.1595     0.0000      27.3791    31.1595   -0.0   90.0
   3    20.0000     0.0000         0.0036    -0.0000         20.3676    29.0854    -0.0000      20.3676    29.0854    0.0   90.0
   4    24.0000     0.0000         0.0041    -0.0000        343.7048  -385.5332     0.0000     343.7048  -385.5332    0.0   90.0

 *** PROC. ITERATIVO: PONTOS INTERNOS sigmaMax E DeslMax *** 

 Passo de Carga P_int   Coord-X   Coord-Y       F.Superf.       Tensao-Y
              1    4    24.0000     0.0000    -0.00000000     0.00000000 
              2    4    24.0000     0.0000    -0.00002594     0.01000000 
              3    4    24.0000     0.0000    -0.00005188     0.02000000 
              4    4    24.0000     0.0000    -0.00007781     0.03000000 
              5    4    24.0000     0.0000    -0.00010375     0.04000000 
              6    4    24.0000     0.0000    -0.00012969     0.05000000 
              7    4    24.0000     0.0000    -0.00015563     0.06000000 
              8    4    24.0000     0.0000    -0.00018157     0.07000000 
              9    4    24.0000     0.0000    -0.00020750     0.08000000 
             10    4    24.0000     0.0000    -0.00023344     0.09000000 
             11    4    24.0000     0.0000    -0.00025938     0.10000000 
             12    4    24.0000     0.0000    -0.00028532     0.11000000 
             13    4    24.0000     0.0000    -0.00031126     0.12000000 
             14    4    24.0000     0.0000    -0.00033720     0.13000000 
             15    4    24.0000     0.0000    -0.00036313     0.14000000 
             16    4    24.0000     0.0000    -0.00038907     0.15000000 
             17    4    24.0000     0.0000    -0.00041501     0.16000000 
             18    4    24.0000     0.0000    -0.00044095     0.17000000 
             19    4    24.0000     0.0000    -0.00046689     0.18000000 
             20    4    24.0000     0.0000    -0.00049282     0.19000000 
             21    4    24.0000     0.0000    -0.00051876     0.20000000 

 Passo de Carga P_int   Coord-X   Coord-Y        Desloc-Y      F.Superf.
              1    0    12.0000     0.0000    -0.00000000    -0.00000000 
              2    0    12.0000     0.0000    -0.00000000    -0.00002594 
              3    0    12.0000     0.0000    -0.00000000    -0.00005188 
              4    0    12.0000     0.0000    -0.00000000    -0.00007781 
              5    0    12.0000     0.0000    -0.00000000    -0.00010375 
              6    0    12.0000     0.0000    -0.00000000    -0.00012969 
              7    0    12.0000     0.0000    -0.00000000    -0.00015563 
              8    0    12.0000     0.0000    -0.00000000    -0.00018157 
              9    0    12.0000     0.0000    -0.00000000    -0.00020750 
             10    0    12.0000     0.0000    -0.00000000    -0.00023344 
             11    0    12.0000     0.0000    -0.00000000    -0.00025938 
             12    0    12.0000     0.0000    -0.00000000    -0.00028532 
             13    0    12.0000     0.0000    -0.00000000    -0.00031126 
             14    0    12.0000     0.0000    -0.00000000    -0.00033720 
             15    0    12.0000     0.0000    -0.00000000    -0.00036313 
             16    0    12.0000     0.0000    -0.00000000    -0.00038907 
             17    0    12.0000     0.0000    -0.00000000    -0.00041501 
             18    0    12.0000     0.0000    -0.00000000    -0.00044095 
             19    0    12.0000     0.0000    -0.00000000    -0.00046689 
             20    0    12.0000     0.0000    -0.00000000    -0.00049282 
             21    0    12.0000     0.0000    -0.00000000    -0.00051876 
