ARQUIVO DE SAIDA DE DADOS E RESULTADOS 

Dados de entrada do problema 2D elastostatico 
Modulo de elasticidade longitudinal 200000000000.0000 
Modulo de elasticidade transversal 75187969924.8120 
Coeficiente de Poisson                  0.3300 
Resistencia aa Compressao do Material     0.0005 
Numero de elementos                  16 
Numero de contornos                  32 
Numero de nos Interno                 4 
Coordenadas X e Y dosuNos do Contorno:

 No    Coord-X    Coord-Y 
   1    10.0000   -10.0000
   2     0.0000   -10.0000
   3     0.0000   -10.0000
   4   -10.0000   -10.0000
   5   -10.0000   -10.0000
   6   -10.0000     0.0000
   7   -10.0000     0.0000
   8   -10.0000    10.0000
   9   -10.0000    10.0000
  10     0.0000    10.0000
  11     0.0000    10.0000
  12    10.0000    10.0000
  13    10.0000    10.0000
  14    10.0000     0.0000
  15    10.0000     0.0000
  16    10.0000   -10.0000
  17     1.0000     0.0000
  18     0.7071     0.7071
  19     0.7071     0.7071
  20     0.0000     1.0000
  21     0.0000     1.0000
  22    -0.7071     0.7071
  23    -0.7071     0.7071
  24    -1.0000     0.0000
  25    -1.0000     0.0000
  26    -0.7071    -0.7071
  27    -0.7071    -0.7071
  28    -0.0000    -1.0000
  29    -0.0000    -1.0000
  30     0.7071    -0.7071
  31     0.7071    -0.7071
  32     1.0000     0.0000

 Conectividade dos Elementos

 Elemento  No Inicial    No Final 
       1            2            1 
       2            4            3 
       3            6            5 
       4            8            7 
       5           10            9 
       6           12           11 
       7           14           13 
       8           16           15 
       9           18           17 
      10           20           19 
      11           22           21 
      12           24           23 
      13           26           25 
      14           28           27 
      15           30           29 
      16           32           31 

 Resultados Encontrados 

 *** PONTOS DO CONTORNO *** 

 LPoint    Desloc-X   Desloc-Y       FSuperf-X   FSuperf-Y 
   1         0.0001    -0.0128          0.0000 -272650000.0000
   2        -0.0057    -0.0120          0.0000 -272650000.0000
   3         0.0057    -0.0120          0.0000 -272650000.0000
   4        -0.0001    -0.0128          0.0000 -272650000.0000
   5         0.0064     0.0001          0.0000     0.0000
   6         0.0057    -0.0120         -0.0000     0.0000
   7         0.0057     0.0120         -0.0000     0.0000
   8         0.0064    -0.0001         -0.0000     0.0000
   9        -0.0001     0.0128         -0.0000 272650000.0000
  10         0.0057     0.0120         -0.0000 272650000.0000
  11        -0.0057     0.0120         -0.0000 272650000.0000
  12         0.0001     0.0128         -0.0000 272650000.0000
  13        -0.0064    -0.0001         -0.0000     0.0000
  14        -0.0057     0.0120          0.0000    -0.0000
  15        -0.0057    -0.0120          0.0000    -0.0000
  16        -0.0064     0.0001          0.0000     0.0000
  17        -0.0008     0.0024          0.0000     0.0000
  18        -0.0014     0.0005          0.0000     0.0000
  19        -0.0002     0.0038          0.0000     0.0000
  20        -0.0009     0.0028          0.0000     0.0000
  21         0.0009     0.0028          0.0000     0.0000
  22         0.0002     0.0038         -0.0000     0.0000
  23         0.0014     0.0005         -0.0000     0.0000
  24         0.0008     0.0024         -0.0000     0.0000
  25         0.0008    -0.0024         -0.0000     0.0000
  26         0.0014    -0.0005         -0.0000    -0.0000
  27         0.0002    -0.0038         -0.0000    -0.0000
  28         0.0009    -0.0028         -0.0000    -0.0000
  29        -0.0009    -0.0028         -0.0000    -0.0000
  30        -0.0002    -0.0038          0.0000    -0.0000
  31        -0.0014    -0.0005          0.0000    -0.0000
  32        -0.0008    -0.0024          0.0000     0.0000

 *** PONTOS INTERNOS *** 

 P_int   Coord-X   Coord-Y        Desloc-X   Desloc-Y       Tensao-X   Tensao-Y   Tensao_XY      Sigma1    Sigma2    Teta1  Teta2
   0     2.0000     0.0000        -0.0019     0.0000   51844581.8747 311201573.1399     0.0000 51844581.8747 311201573.1399   -0.0   90.0
   1     3.0000     0.0000        -0.0023     0.0000   17284450.2931 278649557.4356     0.0000 17284450.2931 278649557.4356   -0.0   90.0
   2     4.0000     0.0000        -0.0029     0.0000    3073303.5022 269125342.7978     0.0000 3073303.5022 269125342.7978   -0.0   90.0
   3     5.0000     0.0000        -0.0034     0.0000   -3839824.1203 264309229.7344     0.0000 -3839824.1203 264309229.7344   -0.0   90.0

 *** PROC. ITERATIVO: PONTOS INTERNOS sigmaMax E DeslMax *** 

 Passo de Carga P_int   Coord-X   Coord-Y       F.Superf.       Tensao-Y
              1    0     2.0000     0.0000     0.00000000     0.00000000 
              2    0     2.0000     0.0000     0.00000000     0.00002500 
              3    0     2.0000     0.0000     0.00000000     0.00005000 
              4    0     2.0000     0.0000     0.00000000     0.00007500 
              5    0     2.0000     0.0000     0.00000000     0.00010000 
              6    0     2.0000     0.0000     0.00000000     0.00012500 
              7    0     2.0000     0.0000     0.00000000     0.00015000 
              8    0     2.0000     0.0000     0.00000000     0.00017500 
              9    0     2.0000     0.0000     0.00000000     0.00020000 
             10    0     2.0000     0.0000     0.00000000     0.00022500 
             11    0     2.0000     0.0000     0.00000000     0.00025000 
             12    0     2.0000     0.0000     0.00000000     0.00027500 
             13    0     2.0000     0.0000     0.00000000     0.00030000 
             14    0     2.0000     0.0000     0.00000000     0.00032500 
             15    0     2.0000     0.0000     0.00000000     0.00035000 
             16    0     2.0000     0.0000     0.00000000     0.00037500 
             17    0     2.0000     0.0000     0.00000000     0.00040000 
             18    0     2.0000     0.0000     0.00000000     0.00042500 
             19    0     2.0000     0.0000     0.00000000     0.00045000 
             20    0     2.0000     0.0000     0.00000000     0.00047500 
             21    0     2.0000     0.0000     0.00000000     0.00050000 

 Passo de Carga P_int   Coord-X   Coord-Y        Desloc-Y      F.Superf.
              1    0     2.0000     0.0000     0.00000000     0.00000000 
              2    0     2.0000     0.0000     0.00000000     0.00000000 
              3    0     2.0000     0.0000     0.00000000     0.00000000 
              4    0     2.0000     0.0000     0.00000000     0.00000000 
              5    0     2.0000     0.0000     0.00000000     0.00000000 
              6    0     2.0000     0.0000     0.00000000     0.00000000 
              7    0     2.0000     0.0000     0.00000000     0.00000000 
              8    0     2.0000     0.0000     0.00000000     0.00000000 
              9    0     2.0000     0.0000     0.00000000     0.00000000 
             10    0     2.0000     0.0000     0.00000000     0.00000000 
             11    0     2.0000     0.0000     0.00000000     0.00000000 
             12    0     2.0000     0.0000     0.00000000     0.00000000 
             13    0     2.0000     0.0000     0.00000000     0.00000000 
             14    0     2.0000     0.0000     0.00000000     0.00000000 
             15    0     2.0000     0.0000     0.00000000     0.00000000 
             16    0     2.0000     0.0000     0.00000000     0.00000000 
             17    0     2.0000     0.0000     0.00000000     0.00000000 
             18    0     2.0000     0.0000     0.00000000     0.00000000 
             19    0     2.0000     0.0000     0.00000000     0.00000000 
             20    0     2.0000     0.0000     0.00000000     0.00000000 
             21    0     2.0000     0.0000     0.00000000     0.00000000 
