ARQUIVO DE SAIDA DE DADOS E RESULTADOS 

Dados de entrada do problema 2D elastostatico 
Modulo de elasticidade longitudinal 200000000000.0000 
Modulo de elasticidade transversal 75187969924.8120 
Coeficiente de Poisson                  0.3300 
Resistencia aa Compressao do Material     0.0005 
Numero de elementos                  24 
Numero de contornos                  48 
Numero de nos Interno                 8 
Coordenadas X e Y dosuNos do Contorno:

 No    Coord-X    Coord-Y 
   1    10.0000   -10.0000
   2     0.0000   -10.0000
   3     0.0000   -10.0000
   4   -10.0000   -10.0000
   5   -10.0000   -10.0000
   6   -10.0000     0.0000
   7   -10.0000     0.0000
   8   -10.0000    10.0000
   9   -10.0000    10.0000
  10     0.0000    10.0000
  11     0.0000    10.0000
  12    10.0000    10.0000
  13    10.0000    10.0000
  14    10.0000     0.0000
  15    10.0000     0.0000
  16    10.0000   -10.0000
  17     1.0000     0.0000
  18     0.9239     0.3827
  19     0.9239     0.3827
  20     0.7071     0.7071
  21     0.7071     0.7071
  22     0.3827     0.9239
  23     0.3827     0.9239
  24     0.0000     1.0000
  25     0.0000     1.0000
  26    -0.3827     0.9239
  27    -0.3827     0.9239
  28    -0.7071     0.7071
  29    -0.7071     0.7071
  30    -0.9239     0.3827
  31    -0.9239     0.3827
  32    -1.0000     0.0000
  33    -1.0000     0.0000
  34    -0.9239    -0.3827
  35    -0.9239    -0.3827
  36    -0.7071    -0.7071
  37    -0.7071    -0.7071
  38    -0.3827    -0.9239
  39    -0.3827    -0.9239
  40    -0.0000    -1.0000
  41    -0.0000    -1.0000
  42     0.3827    -0.9239
  43     0.3827    -0.9239
  44     0.7071    -0.7071
  45     0.7071    -0.7071
  46     0.9239    -0.3827
  47     0.9239    -0.3827
  48     1.0000     0.0000

 Conectividade dos Elementos

 Elemento  No Inicial    No Final 
       1            2            1 
       2            4            3 
       3            6            5 
       4            8            7 
       5           10            9 
       6           12           11 
       7           14           13 
       8           16           15 
       9           18           17 
      10           20           19 
      11           22           21 
      12           24           23 
      13           26           25 
      14           28           27 
      15           30           29 
      16           32           31 
      17           34           33 
      18           36           35 
      19           38           37 
      20           40           39 
      21           42           41 
      22           44           43 
      23           46           45 
      24           48           47 

 Resultados Encontrados 

 *** PONTOS DO CONTORNO *** 

 LPoint    Desloc-X   Desloc-Y       FSuperf-X   FSuperf-Y 
   1         0.0000    -0.0000          0.0000    -1.0000
   2        -0.0000    -0.0000          0.0000    -1.0000
   3         0.0000    -0.0000          0.0000    -1.0000
   4        -0.0000    -0.0000          0.0000    -1.0000
   5         0.0000     0.0000          0.0000     0.0000
   6         0.0000    -0.0000         -0.0000     0.0000
   7         0.0000     0.0000         -0.0000     0.0000
   8         0.0000    -0.0000         -0.0000     0.0000
   9        -0.0000     0.0000         -0.0000     1.0000
  10         0.0000     0.0000         -0.0000     1.0000
  11        -0.0000     0.0000         -0.0000     1.0000
  12         0.0000     0.0000         -0.0000     1.0000
  13        -0.0000    -0.0000         -0.0000     0.0000
  14        -0.0000     0.0000          0.0000    -0.0000
  15        -0.0000    -0.0000          0.0000    -0.0000
  16        -0.0000     0.0000          0.0000     0.0000
  17        -0.0000     0.0000          0.0000     0.0000
  18        -0.0000     0.0000          0.0000     0.0000
  19        -0.0000     0.0000          0.0000     0.0000
  20        -0.0000     0.0000          0.0000     0.0000
  21        -0.0000     0.0000          0.0000     0.0000
  22        -0.0000     0.0000          0.0000     0.0000
  23        -0.0000     0.0000          0.0000     0.0000
  24        -0.0000     0.0000          0.0000     0.0000
  25         0.0000     0.0000          0.0000     0.0000
  26         0.0000     0.0000         -0.0000     0.0000
  27         0.0000     0.0000         -0.0000     0.0000
  28         0.0000     0.0000         -0.0000     0.0000
  29         0.0000     0.0000         -0.0000     0.0000
  30         0.0000     0.0000         -0.0000     0.0000
  31         0.0000     0.0000         -0.0000     0.0000
  32         0.0000     0.0000         -0.0000     0.0000
  33         0.0000    -0.0000         -0.0000     0.0000
  34         0.0000    -0.0000         -0.0000    -0.0000
  35         0.0000    -0.0000         -0.0000    -0.0000
  36         0.0000    -0.0000         -0.0000    -0.0000
  37         0.0000    -0.0000         -0.0000    -0.0000
  38         0.0000    -0.0000         -0.0000    -0.0000
  39         0.0000    -0.0000         -0.0000    -0.0000
  40         0.0000    -0.0000         -0.0000    -0.0000
  41        -0.0000    -0.0000         -0.0000    -0.0000
  42        -0.0000    -0.0000          0.0000    -0.0000
  43        -0.0000    -0.0000          0.0000    -0.0000
  44        -0.0000    -0.0000          0.0000    -0.0000
  45        -0.0000    -0.0000          0.0000    -0.0000
  46        -0.0000    -0.0000          0.0000    -0.0000
  47        -0.0000    -0.0000          0.0000    -0.0000
  48        -0.0000    -0.0000          0.0000     0.0000

 *** PONTOS INTERNOS *** 

 P_int   Coord-X   Coord-Y        Desloc-X   Desloc-Y       Tensao-X   Tensao-Y   Tensao_XY      Sigma1    Sigma2    Teta1  Teta2
   0     2.0000     0.0000        -0.0000     0.0000          0.1920     1.1580     0.0000       0.1920     1.1580   -0.0   90.0
   1     3.0000     0.0000        -0.0000     0.0000          0.0693     1.0265     0.0000       0.0693     1.0265   -0.0   90.0
   2     4.0000     0.0000        -0.0000     0.0000          0.0149     0.9893     0.0000       0.0149     0.9893   -0.0   90.0
   3     5.0000     0.0000        -0.0000     0.0000         -0.0119     0.9707     0.0000      -0.0119     0.9707   -0.0   90.0
   4     6.0000     0.0000        -0.0000     0.0000         -0.0269     0.9576     0.0000      -0.0269     0.9576   -0.0   90.0
   5     7.0000     0.0000        -0.0000     0.0000         -0.0367     0.9460    -0.0000      -0.0367     0.9460    0.0   90.0
   6     8.0000     0.0000        -0.0000     0.0000         -0.0448     0.9338     0.0000      -0.0448     0.9338   -0.0   90.0
   7     9.0000     0.0000        -0.0000     0.0000         -0.0575     0.9164    -0.0000      -0.0575     0.9164    0.0   90.0

 *** PROC. ITERATIVO: PONTOS INTERNOS sigmaMax E DeslMax *** 

 Passo de Carga P_int   Coord-X   Coord-Y       F.Superf.       Tensao-Y
              1    0     2.0000     0.0000     0.00000000     0.00000000 
              2    0     2.0000     0.0000     0.00002159     0.00002500 
              3    0     2.0000     0.0000     0.00004318     0.00005000 
              4    0     2.0000     0.0000     0.00006477     0.00007500 
              5    0     2.0000     0.0000     0.00008635     0.00010000 
              6    0     2.0000     0.0000     0.00010794     0.00012500 
              7    0     2.0000     0.0000     0.00012953     0.00015000 
              8    0     2.0000     0.0000     0.00015112     0.00017500 
              9    0     2.0000     0.0000     0.00017271     0.00020000 
             10    0     2.0000     0.0000     0.00019430     0.00022500 
             11    0     2.0000     0.0000     0.00021588     0.00025000 
             12    0     2.0000     0.0000     0.00023747     0.00027500 
             13    0     2.0000     0.0000     0.00025906     0.00030000 
             14    0     2.0000     0.0000     0.00028065     0.00032500 
             15    0     2.0000     0.0000     0.00030224     0.00035000 
             16    0     2.0000     0.0000     0.00032383     0.00037500 
             17    0     2.0000     0.0000     0.00034542     0.00040000 
             18    0     2.0000     0.0000     0.00036700     0.00042500 
             19    0     2.0000     0.0000     0.00038859     0.00045000 
             20    0     2.0000     0.0000     0.00041018     0.00047500 
             21    0     2.0000     0.0000     0.00043177     0.00050000 

 Passo de Carga P_int   Coord-X   Coord-Y        Desloc-Y      F.Superf.
              1    0     2.0000     0.0000     0.00000000     0.00000000 
              2    0     2.0000     0.0000     0.00000000     0.00002159 
              3    0     2.0000     0.0000     0.00000000     0.00004318 
              4    0     2.0000     0.0000     0.00000000     0.00006477 
              5    0     2.0000     0.0000     0.00000000     0.00008635 
              6    0     2.0000     0.0000     0.00000000     0.00010794 
              7    0     2.0000     0.0000     0.00000000     0.00012953 
              8    0     2.0000     0.0000     0.00000000     0.00015112 
              9    0     2.0000     0.0000     0.00000000     0.00017271 
             10    0     2.0000     0.0000     0.00000000     0.00019430 
             11    0     2.0000     0.0000     0.00000000     0.00021588 
             12    0     2.0000     0.0000     0.00000000     0.00023747 
             13    0     2.0000     0.0000     0.00000000     0.00025906 
             14    0     2.0000     0.0000     0.00000000     0.00028065 
             15    0     2.0000     0.0000     0.00000000     0.00030224 
             16    0     2.0000     0.0000     0.00000000     0.00032383 
             17    0     2.0000     0.0000     0.00000000     0.00034542 
             18    0     2.0000     0.0000     0.00000000     0.00036700 
             19    0     2.0000     0.0000     0.00000000     0.00038859 
             20    0     2.0000     0.0000     0.00000000     0.00041018 
             21    0     2.0000     0.0000     0.00000000     0.00043177 
