ARQUIVO DE SAIDA DE DADOS E RESULTADOS 

Dados de entrada do problema 2D elastostatico 
Modulo de elasticidade longitudinal 210000000.0000 
Modulo de elasticidade transversal 80769230.7692 
Coeficiente de Poisson                  0.3000 
Resistencia aa Compressao do Material     0.0500 
Numero de elementos                  10 
Numero de contornos                  20 
Numero de nos Interno                 3 
Coordenadas X e Y dosuNos do Contorno:

 No    Coord-X    Coord-Y 
   1     0.0000     0.0000
   2     2.0000     0.0000
   3     2.0000     0.0000
   4     4.0000     0.0000
   5     4.0000     0.0000
   6     6.0000     0.0000
   7     6.0000     0.0000
   8     8.0000     0.0000
   9     8.0000     0.0000
  10     8.0000     0.4000
  11     8.0000     0.4000
  12     6.0000     0.4000
  13     6.0000     0.4000
  14     4.0000     0.4000
  15     4.0000     0.4000
  16     2.0000     0.4000
  17     2.0000     0.4000
  18     0.0000     0.4000
  19     0.0000     0.4000
  20     0.0000     0.0000

 Conectividade dos Elementos

 Elemento  No Inicial    No Final 
       1            1            2 
       2            3            4 
       3            5            6 
       4            7            8 
       5            9           10 
       6           11           12 
       7           13           14 
       8           15           16 
       9           17           18 
      10           19           20 

 Resultados Encontrados 

 *** PONTOS DO CONTORNO *** 

 LPoint    Desloc-X   Desloc-Y       FSuperf-X   FSuperf-Y 
   1        -0.0000    -0.0000          0.0000     0.0000
   2         0.0000    -0.0001          0.0000     0.0000
   3         0.0000    -0.0001          0.0000     0.0000
   4         0.0000    -0.0001          0.0000     0.0000
   5         0.0000    -0.0001          0.0000     0.0000
   6         0.0000    -0.0000          0.0000     0.0000
   7         0.0000    -0.0000          0.0000     0.0000
   8         0.0000     0.0000          0.0000     0.0000
   9         0.0000     0.0000          0.0000   -78.5533
  10         0.0000     0.0000          0.0000     0.0000
  11         0.0000     0.0000          0.0000    -1.0000
  12         0.0000    -0.0000          0.0000     0.0000
  13         0.0000    -0.0000          0.0000    -1.0000
  14         0.0000    -0.0001          0.0000    -1.0000
  15         0.0000    -0.0001          0.0000     0.0000
  16         0.0000    -0.0001          0.0000     0.0000
  17         0.0000    -0.0001          0.0000    -1.0000
  18         0.0000    -0.0000          0.0000    -1.0000
  19         0.0000    -0.0000          0.0000     0.0000
  20         0.0000     0.0000         32.9352   -12.4977

 *** PONTOS INTERNOS *** 

 P_int   Coord-X   Coord-Y        Desloc-X   Desloc-Y       Tensao-X   Tensao-Y   Tensao_XY      Sigma1    Sigma2    Teta1  Teta2
   0     7.0000     0.2000         0.0000    -0.0000         -1.8890    -0.5247  -152.8610      -1.8921    -0.5217   44.9  134.9
   1     1.0000     0.2000         0.0000    -0.0000        -10.6085    -2.3374   231.2577      -2.4120   -10.5339  -44.5   45.5
   2     5.0000     0.2000         0.0000    -0.0001         -5.2242    -1.3697  -138.9719      -5.2507    -1.3432   44.6  134.6

 *** PROC. ITERATIVO: PONTOS INTERNOS sigmaMax E DeslMax *** 

 Passo de Carga P_int   Coord-X   Coord-Y       F.Superf.       Tensao-Y
              1    1     1.0000     0.2000    -0.00000000     0.00000000 
              2    1     1.0000     0.2000    -0.00106956     0.00250000 
              3    1     1.0000     0.2000    -0.00213911     0.00500000 
              4    1     1.0000     0.2000    -0.00320867     0.00750000 
              5    1     1.0000     0.2000    -0.00427823     0.01000000 
              6    1     1.0000     0.2000    -0.00534778     0.01250000 
              7    1     1.0000     0.2000    -0.00641734     0.01500000 
              8    1     1.0000     0.2000    -0.00748690     0.01750000 
              9    1     1.0000     0.2000    -0.00855645     0.02000000 
             10    1     1.0000     0.2000    -0.00962601     0.02250000 
             11    1     1.0000     0.2000    -0.01069557     0.02500000 
             12    1     1.0000     0.2000    -0.01176512     0.02750000 
             13    1     1.0000     0.2000    -0.01283468     0.03000000 
             14    1     1.0000     0.2000    -0.01390424     0.03250000 
             15    1     1.0000     0.2000    -0.01497379     0.03500000 
             16    1     1.0000     0.2000    -0.01604335     0.03750000 
             17    1     1.0000     0.2000    -0.01711291     0.04000000 
             18    1     1.0000     0.2000    -0.01818246     0.04250000 
             19    1     1.0000     0.2000    -0.01925202     0.04500000 
             20    1     1.0000     0.2000    -0.02032158     0.04750000 
             21    1     1.0000     0.2000    -0.02139113     0.05000000 

 Passo de Carga P_int   Coord-X   Coord-Y        Desloc-Y      F.Superf.
              1    2     5.0000     0.2000    -0.00000000    -0.00000000 
              2    2     5.0000     0.2000    -0.00000016    -0.00106956 
              3    2     5.0000     0.2000    -0.00000031    -0.00213911 
              4    2     5.0000     0.2000    -0.00000047    -0.00320867 
              5    2     5.0000     0.2000    -0.00000062    -0.00427823 
              6    2     5.0000     0.2000    -0.00000078    -0.00534778 
              7    2     5.0000     0.2000    -0.00000093    -0.00641734 
              8    2     5.0000     0.2000    -0.00000109    -0.00748690 
              9    2     5.0000     0.2000    -0.00000124    -0.00855645 
             10    2     5.0000     0.2000    -0.00000140    -0.00962601 
             11    2     5.0000     0.2000    -0.00000155    -0.01069557 
             12    2     5.0000     0.2000    -0.00000171    -0.01176512 
             13    2     5.0000     0.2000    -0.00000186    -0.01283468 
             14    2     5.0000     0.2000    -0.00000202    -0.01390424 
             15    2     5.0000     0.2000    -0.00000217    -0.01497379 
             16    2     5.0000     0.2000    -0.00000233    -0.01604335 
             17    2     5.0000     0.2000    -0.00000248    -0.01711291 
             18    2     5.0000     0.2000    -0.00000264    -0.01818246 
             19    2     5.0000     0.2000    -0.00000279    -0.01925202 
             20    2     5.0000     0.2000    -0.00000295    -0.02032158 
             21    2     5.0000     0.2000    -0.00000310    -0.02139113 
