ARQUIVO DE SAIDA DE DADOS E RESULTADOS 

Dados de entrada do problema 2D elastostatico 
Modulo de elasticidade longitudinal  2000.0000 
Modulo de elasticidade transversal   769.2308 
Coeficiente de Poisson                  0.3000 
Resistencia aa Compressao do Material     1.0000 
Numero de elementos                  14 
Numero de contornos                  28 
Numero de nos Interno                 1 
Coordenadas X e Y dosuNos do Contorno:

 No    Coord-X    Coord-Y 
   1     0.0000     0.0000
   2     9.6000     8.8000
   3     9.6000     8.8000
   4    19.2000    17.6000
   5    19.2000    17.6000
   6    28.8000    26.4000
   7    28.8000    26.4000
   8    38.4000    35.2000
   9    38.4000    35.2000
  10    48.0000    44.0000
  11    48.0000    44.0000
  12    48.0000    52.0000
  13    48.0000    52.0000
  14    48.0000    60.0000
  15    48.0000    60.0000
  16    38.4000    56.8000
  17    38.4000    56.8000
  18    28.8000    53.6000
  19    28.8000    53.6000
  20    19.2000    50.4000
  21    19.2000    50.4000
  22     9.6000    47.2000
  23     9.6000    47.2000
  24     0.0000    44.0000
  25     0.0000    44.0000
  26     0.0000    22.0000
  27     0.0000    22.0000
  28     0.0000     0.0000

 Conectividade dos Elementos

 Elemento  No Inicial    No Final 
       1            1            2 
       2            3            4 
       3            5            6 
       4            7            8 
       5            9           10 
       6           11           12 
       7           13           14 
       8           15           16 
       9           17           18 
      10           19           20 
      11           21           22 
      12           23           24 
      13           25           26 
      14           27           28 

 Resultados Encontrados 

 *** PONTOS DO CONTORNO *** 

 LPoint    Desloc-X   Desloc-Y       FSuperf-X   FSuperf-Y 
   1         0.0000     0.0000         -1.3120    -0.3967
   2        -0.0132    -0.0287          0.0000     0.0000
   3        -0.0154    -0.0223          0.0000     0.0000
   4        -0.0526    -0.0829          0.0000     0.0000
   5        -0.0643    -0.0815          0.0000     0.0000
   6        -0.0617    -0.2562          0.0000     0.0000
   7        -0.0727    -0.2622          0.0000     0.0000
   8         0.0488    -0.5786          0.0000     0.0000
   9         0.0370    -0.5891          0.0000     0.0000
  10         0.3360    -1.0467          0.0000     0.0000
  11         0.3504    -1.0488          0.0000     0.0000
  12         0.7377    -1.0983         11.0000     0.0000
  13         0.7280    -1.1115         11.0000     0.0000
  14         1.2310    -1.1714         11.0000     0.0000
  15         1.2584    -1.1374         11.0000     0.0000
  16         0.9258    -0.6343          0.0000     0.0000
  17         0.9121    -0.6446          0.0000     0.0000
  18         0.6336    -0.3219          0.0000     0.0000
  19         0.6275    -0.3257          0.0000     0.0000
  20         0.3932    -0.1240          0.0000     0.0000
  21         0.3894    -0.1286          0.0000     0.0000
  22         0.1923    -0.0153          0.0000     0.0000
  23         0.1833     0.0000          0.0000     7.7055
  24         0.0000     0.0000         -8.0817     2.6632
  25         0.0000     0.0000        -28.8288    -6.6148
  26         0.0000     0.0000          7.5198    -1.6051
  27         0.0000     0.0000          4.7839     0.6456
  28         0.0000     0.0000          3.8181     3.1875

 *** PONTOS INTERNOS *** 

 P_int   Coord-X   Coord-Y        Desloc-X   Desloc-Y       Tensao-X   Tensao-Y   Tensao_XY      Sigma1    Sigma2    Teta1  Teta2
   0    35.2000    44.0000         0.3283    -0.4962          6.8812    -2.4813    -0.0435       6.8376    -2.4376   -0.3   89.7

 *** PROC. ITERATIVO: PONTOS INTERNOS sigmaMax E DeslMax *** 

 Passo de Carga P_int   Coord-X   Coord-Y       F.Superf.       Tensao-Y
              1    0    35.2000    44.0000    -0.00000000     0.00000000 
              2    0    35.2000    44.0000    -0.02015100     0.05000000 
              3    0    35.2000    44.0000    -0.04030200     0.10000000 
              4    0    35.2000    44.0000    -0.06045300     0.15000000 
              5    0    35.2000    44.0000    -0.08060400     0.20000000 
              6    0    35.2000    44.0000    -0.10075501     0.25000000 
              7    0    35.2000    44.0000    -0.12090601     0.30000000 
              8    0    35.2000    44.0000    -0.14105701     0.35000000 
              9    0    35.2000    44.0000    -0.16120801     0.40000000 
             10    0    35.2000    44.0000    -0.18135901     0.45000000 
             11    0    35.2000    44.0000    -0.20151001     0.50000000 
             12    0    35.2000    44.0000    -0.22166101     0.55000000 
             13    0    35.2000    44.0000    -0.24181201     0.60000000 
             14    0    35.2000    44.0000    -0.26196301     0.65000000 
             15    0    35.2000    44.0000    -0.28211402     0.70000000 
             16    0    35.2000    44.0000    -0.30226502     0.75000000 
             17    0    35.2000    44.0000    -0.32241602     0.80000000 
             18    0    35.2000    44.0000    -0.34256702     0.85000000 
             19    0    35.2000    44.0000    -0.36271802     0.90000000 
             20    0    35.2000    44.0000    -0.38286902     0.95000000 
             21    0    35.2000    44.0000    -0.40302002     1.00000000 

 Passo de Carga P_int   Coord-X   Coord-Y        Desloc-Y      F.Superf.
              1    0    35.2000    44.0000    -0.00000000    -0.00000000 
              2    0    35.2000    44.0000    -0.02481173    -0.02015100 
              3    0    35.2000    44.0000    -0.04962347    -0.04030200 
              4    0    35.2000    44.0000    -0.07443520    -0.06045300 
              5    0    35.2000    44.0000    -0.09924693    -0.08060400 
              6    0    35.2000    44.0000    -0.12405867    -0.10075501 
              7    0    35.2000    44.0000    -0.14887040    -0.12090601 
              8    0    35.2000    44.0000    -0.17368213    -0.14105701 
              9    0    35.2000    44.0000    -0.19849387    -0.16120801 
             10    0    35.2000    44.0000    -0.22330560    -0.18135901 
             11    0    35.2000    44.0000    -0.24811734    -0.20151001 
             12    0    35.2000    44.0000    -0.27292907    -0.22166101 
             13    0    35.2000    44.0000    -0.29774080    -0.24181201 
             14    0    35.2000    44.0000    -0.32255254    -0.26196301 
             15    0    35.2000    44.0000    -0.34736427    -0.28211402 
             16    0    35.2000    44.0000    -0.37217600    -0.30226502 
             17    0    35.2000    44.0000    -0.39698774    -0.32241602 
             18    0    35.2000    44.0000    -0.42179947    -0.34256702 
             19    0    35.2000    44.0000    -0.44661120    -0.36271802 
             20    0    35.2000    44.0000    -0.47142294    -0.38286902 
             21    0    35.2000    44.0000    -0.49623467    -0.40302002 
