ARQUIVO DE SAIDA DE DADOS E RESULTADOS 

Dados de entrada do problema 2D elastostatico 
Modulo de elasticidade longitudinal 210000000.0000 
Modulo de elasticidade transversal 80769230.7692 
Coeficiente de Poisson                  0.3000 
Resistencia aa Compressao do Material     0.0500 
Numero de elementos                  10 
Numero de contornos                  20 
Numero de nos Interno                 3 
Coordenadas X e Y dosuNos do Contorno:

 No    Coord-X    Coord-Y 
   1     0.0000     0.0000
   2     2.0000     0.0000
   3     2.0000     0.0000
   4     4.0000     0.0000
   5     4.0000     0.0000
   6     6.0000     0.0000
   7     6.0000     0.0000
   8     8.0000     0.0000
   9     8.0000     0.0000
  10     8.0000     0.4000
  11     8.0000     0.4000
  12     6.0000     0.4000
  13     6.0000     0.4000
  14     4.0000     0.4000
  15     4.0000     0.4000
  16     2.0000     0.4000
  17     2.0000     0.4000
  18     0.0000     0.4000
  19     0.0000     0.4000
  20     0.0000     0.0000

 Conectividade dos Elementos

 Elemento  No Inicial    No Final 
       1            1            2 
       2            3            4 
       3            5            6 
       4            7            8 
       5            9           10 
       6           11           12 
       7           13           14 
       8           15           16 
       9           17           18 
      10           19           20 

 Resultados Encontrados 

 *** PONTOS DO CONTORNO *** 

 LPoint    Desloc-X   Desloc-Y       FSuperf-X   FSuperf-Y 
   1        -0.0000    -0.0000          0.0000     0.0000
   2         0.0000    -0.0020          0.0000     0.0000
   3         0.0001    -0.0020          0.0000     0.0000
   4         0.0002    -0.0025          0.0000     0.0000
   5         0.0003    -0.0025          0.0000     0.0000
   6         0.0003    -0.0011          0.0000     0.0000
   7         0.0003    -0.0011          0.0000     0.0000
   8         0.0003     0.0000          0.0000     0.0000
   9         0.0003     0.0000          0.0000 -2120.9393
  10         0.0001     0.0000          0.0000     0.0000
  11         0.0001     0.0000          0.0000   -27.0000
  12         0.0001    -0.0011          0.0000     0.0000
  13         0.0001    -0.0011          0.0000   -27.0000
  14         0.0001    -0.0025          0.0000   -27.0000
  15         0.0002    -0.0025          0.0000     0.0000
  16         0.0003    -0.0020          0.0000     0.0000
  17         0.0004    -0.0020          0.0000   -27.0000
  18         0.0004    -0.0000          0.0000   -27.0000
  19         0.0004    -0.0000          0.0000     0.0000
  20         0.0000     0.0000        889.2504  -337.4365

 *** PONTOS INTERNOS *** 

 P_int   Coord-X   Coord-Y        Desloc-X   Desloc-Y       Tensao-X   Tensao-Y   Tensao_XY      Sigma1    Sigma2    Teta1  Teta2
   0     7.0000     0.2000         0.0002    -0.0005        -51.0035   -14.1678 -4127.2469     -51.0855   -14.0858   44.9  134.9
   1     1.0000     0.2000         0.0002    -0.0009       -286.4290   -63.1103  6243.9585     -65.1246  -284.4147  -44.5   45.5
   2     5.0000     0.2000         0.0002    -0.0017       -141.0523   -36.9821 -3752.2419    -141.7688   -36.2656   44.6  134.6

 *** PROC. ITERATIVO: PONTOS INTERNOS sigmaMax E DeslMax *** 

 Passo de Carga P_int   Coord-X   Coord-Y       F.Superf.       Tensao-Y
              1    1     1.0000     0.2000    -0.00000000     0.00000000 
              2    1     1.0000     0.2000    -0.00003961     0.00250000 
              3    1     1.0000     0.2000    -0.00007923     0.00500000 
              4    1     1.0000     0.2000    -0.00011884     0.00750000 
              5    1     1.0000     0.2000    -0.00015845     0.01000000 
              6    1     1.0000     0.2000    -0.00019807     0.01250000 
              7    1     1.0000     0.2000    -0.00023768     0.01500000 
              8    1     1.0000     0.2000    -0.00027729     0.01750000 
              9    1     1.0000     0.2000    -0.00031691     0.02000000 
             10    1     1.0000     0.2000    -0.00035652     0.02250000 
             11    1     1.0000     0.2000    -0.00039613     0.02500000 
             12    1     1.0000     0.2000    -0.00043575     0.02750000 
             13    1     1.0000     0.2000    -0.00047536     0.03000000 
             14    1     1.0000     0.2000    -0.00051497     0.03250000 
             15    1     1.0000     0.2000    -0.00055458     0.03500000 
             16    1     1.0000     0.2000    -0.00059420     0.03750000 
             17    1     1.0000     0.2000    -0.00063381     0.04000000 
             18    1     1.0000     0.2000    -0.00067342     0.04250000 
             19    1     1.0000     0.2000    -0.00071304     0.04500000 
             20    1     1.0000     0.2000    -0.00075265     0.04750000 
             21    1     1.0000     0.2000    -0.00079226     0.05000000 

 Passo de Carga P_int   Coord-X   Coord-Y        Desloc-Y      F.Superf.
              1    2     5.0000     0.2000    -0.00000000    -0.00000000 
              2    2     5.0000     0.2000    -0.00000419    -0.00003961 
              3    2     5.0000     0.2000    -0.00000838    -0.00007923 
              4    2     5.0000     0.2000    -0.00001257    -0.00011884 
              5    2     5.0000     0.2000    -0.00001676    -0.00015845 
              6    2     5.0000     0.2000    -0.00002095    -0.00019807 
              7    2     5.0000     0.2000    -0.00002514    -0.00023768 
              8    2     5.0000     0.2000    -0.00002932    -0.00027729 
              9    2     5.0000     0.2000    -0.00003351    -0.00031691 
             10    2     5.0000     0.2000    -0.00003770    -0.00035652 
             11    2     5.0000     0.2000    -0.00004189    -0.00039613 
             12    2     5.0000     0.2000    -0.00004608    -0.00043575 
             13    2     5.0000     0.2000    -0.00005027    -0.00047536 
             14    2     5.0000     0.2000    -0.00005446    -0.00051497 
             15    2     5.0000     0.2000    -0.00005865    -0.00055458 
             16    2     5.0000     0.2000    -0.00006284    -0.00059420 
             17    2     5.0000     0.2000    -0.00006703    -0.00063381 
             18    2     5.0000     0.2000    -0.00007122    -0.00067342 
             19    2     5.0000     0.2000    -0.00007541    -0.00071304 
             20    2     5.0000     0.2000    -0.00007960    -0.00075265 
             21    2     5.0000     0.2000    -0.00008378    -0.00079226 
