ARQUIVO DE SAIDA DE DADOS E RESULTADOS 

Dados de entrada do problema 2D elastostatico 
Modulo de elasticidade longitudinal 200000.0000 
Modulo de elasticidade transversal 80000.0000 
Coeficiente de Poisson                  0.2500 
Resistencia aa Compressao do Material     0.2100 
Numero de elementos                  32 
Numero de contornos                  64 
Numero de nos Interno                 5 
Coordenadas X e Y dosuNos do Contorno:

 No    Coord-X    Coord-Y 
   1    25.0000     0.0000
   2    23.0970     9.5671
   3    23.0970     9.5671
   4    17.6777    17.6777
   5    17.6777    17.6777
   6     9.5671    23.0970
   7     9.5671    23.0970
   8     0.0000    25.0000
   9     0.0000    25.0000
  10    -9.5671    23.0970
  11    -9.5671    23.0970
  12   -17.6777    17.6777
  13   -17.6777    17.6777
  14   -23.0970     9.5671
  15   -23.0970     9.5671
  16   -25.0000     0.0000
  17   -25.0000     0.0000
  18   -23.0970    -9.5671
  19   -23.0970    -9.5671
  20   -17.6777   -17.6777
  21   -17.6777   -17.6777
  22    -9.5671   -23.0970
  23    -9.5671   -23.0970
  24    -0.0000   -25.0000
  25    -0.0000   -25.0000
  26     9.5671   -23.0970
  27     9.5671   -23.0970
  28    17.6777   -17.6777
  29    17.6777   -17.6777
  30    23.0970    -9.5671
  31    23.0970    -9.5671
  32    25.0000     0.0000
  33    10.0000     0.0000
  34     9.2388     3.8268
  35     9.2388     3.8268
  36     7.0711     7.0711
  37     7.0711     7.0711
  38     3.8268     9.2388
  39     3.8268     9.2388
  40     0.0000    10.0000
  41     0.0000    10.0000
  42    -3.8268     9.2388
  43    -3.8268     9.2388
  44    -7.0711     7.0711
  45    -7.0711     7.0711
  46    -9.2388     3.8268
  47    -9.2388     3.8268
  48   -10.0000     0.0000
  49   -10.0000     0.0000
  50    -9.2388    -3.8268
  51    -9.2388    -3.8268
  52    -7.0711    -7.0711
  53    -7.0711    -7.0711
  54    -3.8268    -9.2388
  55    -3.8268    -9.2388
  56    -0.0000   -10.0000
  57    -0.0000   -10.0000
  58     3.8268    -9.2388
  59     3.8268    -9.2388
  60     7.0711    -7.0711
  61     7.0711    -7.0711
  62     9.2388    -3.8268
  63     9.2388    -3.8268
  64    10.0000     0.0000

 Conectividade dos Elementos

 Elemento  No Inicial    No Final 
       1            1            2 
       2            3            4 
       3            5            6 
       4            7            8 
       5            9           10 
       6           11           12 
       7           13           14 
       8           15           16 
       9           17           18 
      10           19           20 
      11           21           22 
      12           23           24 
      13           25           26 
      14           27           28 
      15           29           30 
      16           31           32 
      17           34           33 
      18           36           35 
      19           38           37 
      20           40           39 
      21           42           41 
      22           44           43 
      23           46           45 
      24           48           47 
      25           50           49 
      26           52           51 
      27           54           53 
      28           56           55 
      29           58           57 
      30           60           59 
      31           62           61 
      32           64           63 

 Resultados Encontrados 

 *** PONTOS DO CONTORNO *** 

 LPoint    Desloc-X   Desloc-Y       FSuperf-X   FSuperf-Y 
   1         0.0044    -0.0001          0.0000     0.0000
   2         0.0040     0.0018          0.0000     0.0000
   3         0.0041     0.0016          0.0000     0.0000
   4         0.0031     0.0032          0.0000     0.0000
   5         0.0032     0.0031          0.0000     0.0000
   6         0.0016     0.0041          0.0000     0.0000
   7         0.0018     0.0040          0.0000     0.0000
   8        -0.0001     0.0044          0.0000     0.0000
   9         0.0001     0.0044          0.0000     0.0000
  10        -0.0018     0.0040         -0.0000     0.0000
  11        -0.0016     0.0041         -0.0000     0.0000
  12        -0.0032     0.0031         -0.0000     0.0000
  13        -0.0031     0.0032         -0.0000     0.0000
  14        -0.0041     0.0016         -0.0000     0.0000
  15        -0.0040     0.0018         -0.0000     0.0000
  16        -0.0044    -0.0001         -0.0000     0.0000
  17        -0.0044     0.0001         -0.0000     0.0000
  18        -0.0040    -0.0018         -0.0000    -0.0000
  19        -0.0041    -0.0016         -0.0000    -0.0000
  20        -0.0031    -0.0032         -0.0000    -0.0000
  21        -0.0032    -0.0031         -0.0000    -0.0000
  22        -0.0016    -0.0041         -0.0000    -0.0000
  23        -0.0018    -0.0040         -0.0000    -0.0000
  24         0.0001    -0.0044         -0.0000    -0.0000
  25        -0.0001    -0.0044         -0.0000    -0.0000
  26         0.0018    -0.0040          0.0000    -0.0000
  27         0.0016    -0.0041          0.0000    -0.0000
  28         0.0032    -0.0031          0.0000    -0.0000
  29         0.0031    -0.0032          0.0000    -0.0000
  30         0.0041    -0.0016          0.0000    -0.0000
  31         0.0040    -0.0018          0.0000    -0.0000
  32         0.0044     0.0001          0.0000     0.0000
  33         0.0074     0.0026        100.0000     0.0000
  34         0.0079     0.0004         92.3880    38.2683
  35         0.0058     0.0053         92.3880    38.2683
  36         0.0071     0.0034         70.7107    70.7107
  37         0.0034     0.0071         70.7107    70.7107
  38         0.0053     0.0058         38.2683    92.3880
  39         0.0004     0.0079         38.2683    92.3880
  40         0.0026     0.0074          0.0000   100.0000
  41        -0.0026     0.0074          0.0000   100.0000
  42        -0.0004     0.0079        -38.2683    92.3880
  43        -0.0053     0.0058        -38.2683    92.3880
  44        -0.0034     0.0071        -70.7107    70.7107
  45        -0.0071     0.0034        -70.7107    70.7107
  46        -0.0058     0.0053        -92.3880    38.2683
  47        -0.0079     0.0004        -92.3880    38.2683
  48        -0.0074     0.0026       -100.0000     0.0000
  49        -0.0074    -0.0026       -100.0000     0.0000
  50        -0.0079    -0.0004        -92.3880   -38.2683
  51        -0.0058    -0.0053        -92.3880   -38.2683
  52        -0.0071    -0.0034        -70.7107   -70.7107
  53        -0.0034    -0.0071        -70.7107   -70.7107
  54        -0.0053    -0.0058        -38.2683   -92.3880
  55        -0.0004    -0.0079        -38.2683   -92.3880
  56        -0.0026    -0.0074         -0.0000  -100.0000
  57         0.0026    -0.0074         -0.0000  -100.0000
  58         0.0004    -0.0079         38.2683   -92.3880
  59         0.0053    -0.0058         38.2683   -92.3880
  60         0.0034    -0.0071         70.7107   -70.7107
  61         0.0071    -0.0034         70.7107   -70.7107
  62         0.0058    -0.0053         92.3880   -38.2683
  63         0.0079    -0.0004         92.3880   -38.2683
  64         0.0074    -0.0026        100.0000     0.0000

 *** PONTOS INTERNOS *** 

 P_int   Coord-X   Coord-Y        Desloc-X   Desloc-Y       Tensao-X   Tensao-Y   Tensao_XY      Sigma1    Sigma2    Teta1  Teta2
   0    12.0000     0.0000         0.0066    -0.0000        -57.1911    95.0755     0.0000     -57.1911    95.0755   -0.0   90.0
   1    16.0000     0.0000         0.0054    -0.0000        -26.3247    61.5691    -0.0000     -26.3247    61.5691    0.0   90.0
   2    18.0000     0.0000         0.0050    -0.0000        -17.1626    52.3728    -0.0000     -17.1626    52.3728    0.0   90.0
   3    20.0000     0.0000         0.0047    -0.0000        -10.5954    45.7345     0.0000     -10.5954    45.7345   -0.0   90.0
   4    24.0000     0.0000         0.0044    -0.0000         -0.3723    32.8630     0.0000      -0.3723    32.8630   -0.0   90.0

 *** PROC. ITERATIVO: PONTOS INTERNOS sigmaMax E DeslMax *** 

 Passo de Carga P_int   Coord-X   Coord-Y       F.Superf.       Tensao-Y
              1    0    12.0000     0.0000     0.00000000     0.00000000 
              2    0    12.0000     0.0000     0.00011044     0.01050000 
              3    0    12.0000     0.0000     0.00022088     0.02100000 
              4    0    12.0000     0.0000     0.00033132     0.03150000 
              5    0    12.0000     0.0000     0.00044175     0.04200000 
              6    0    12.0000     0.0000     0.00055219     0.05250000 
              7    0    12.0000     0.0000     0.00066263     0.06300000 
              8    0    12.0000     0.0000     0.00077307     0.07350000 
              9    0    12.0000     0.0000     0.00088351     0.08400000 
             10    0    12.0000     0.0000     0.00099395     0.09450000 
             11    0    12.0000     0.0000     0.00110439     0.10500000 
             12    0    12.0000     0.0000     0.00121482     0.11550000 
             13    0    12.0000     0.0000     0.00132526     0.12600000 
             14    0    12.0000     0.0000     0.00143570     0.13650000 
             15    0    12.0000     0.0000     0.00154614     0.14700000 
             16    0    12.0000     0.0000     0.00165658     0.15750000 
             17    0    12.0000     0.0000     0.00176702     0.16800000 
             18    0    12.0000     0.0000     0.00187746     0.17850000 
             19    0    12.0000     0.0000     0.00198789     0.18900000 
             20    0    12.0000     0.0000     0.00209833     0.19950000 
             21    0    12.0000     0.0000     0.00220877     0.21000000 

 Passo de Carga P_int   Coord-X   Coord-Y        Desloc-Y      F.Superf.
              1    4    24.0000     0.0000    -0.00000000     0.00000000 
              2    4    24.0000     0.0000    -0.00000000     0.00011044 
              3    4    24.0000     0.0000    -0.00000000     0.00022088 
              4    4    24.0000     0.0000    -0.00000000     0.00033132 
              5    4    24.0000     0.0000    -0.00000000     0.00044175 
              6    4    24.0000     0.0000    -0.00000000     0.00055219 
              7    4    24.0000     0.0000    -0.00000000     0.00066263 
              8    4    24.0000     0.0000    -0.00000000     0.00077307 
              9    4    24.0000     0.0000    -0.00000000     0.00088351 
             10    4    24.0000     0.0000    -0.00000000     0.00099395 
             11    4    24.0000     0.0000    -0.00000000     0.00110439 
             12    4    24.0000     0.0000    -0.00000000     0.00121482 
             13    4    24.0000     0.0000    -0.00000000     0.00132526 
             14    4    24.0000     0.0000    -0.00000000     0.00143570 
             15    4    24.0000     0.0000    -0.00000000     0.00154614 
             16    4    24.0000     0.0000    -0.00000000     0.00165658 
             17    4    24.0000     0.0000    -0.00000000     0.00176702 
             18    4    24.0000     0.0000    -0.00000000     0.00187746 
             19    4    24.0000     0.0000    -0.00000000     0.00198789 
             20    4    24.0000     0.0000    -0.00000000     0.00209833 
             21    4    24.0000     0.0000    -0.00000000     0.00220877 
