ARQUIVO DE SAIDA DE DADOS E RESULTADOS 

Dados de entrada do problema 2D elastostatico 
Modulo de elasticidade longitudinal 200000.0000 
Modulo de elasticidade transversal 80000.0000 
Coeficiente de Poisson                  0.2500 
Resistencia aa Compressao do Material     0.0200 
Numero de elementos                  16 
Numero de contornos                  32 
Numero de nos Interno                 5 
Coordenadas X e Y dosuNos do Contorno:

 No    Coord-X    Coord-Y 
   1    25.0000     0.0000
   2    17.6777    17.6777
   3    17.6777    17.6777
   4     0.0000    25.0000
   5     0.0000    25.0000
   6   -17.6777    17.6777
   7   -17.6777    17.6777
   8   -25.0000     0.0000
   9   -25.0000     0.0000
  10   -17.6777   -17.6777
  11   -17.6777   -17.6777
  12    -0.0000   -25.0000
  13    -0.0000   -25.0000
  14    17.6777   -17.6777
  15    17.6777   -17.6777
  16    25.0000     0.0000
  17    10.0000     0.0000
  18     7.0711     7.0711
  19     7.0711     7.0711
  20     0.0000    10.0000
  21     0.0000    10.0000
  22    -7.0711     7.0711
  23    -7.0711     7.0711
  24   -10.0000     0.0000
  25   -10.0000     0.0000
  26    -7.0711    -7.0711
  27    -7.0711    -7.0711
  28    -0.0000   -10.0000
  29    -0.0000   -10.0000
  30     7.0711    -7.0711
  31     7.0711    -7.0711
  32    10.0000     0.0000

 Conectividade dos Elementos

 Elemento  No Inicial    No Final 
       1            1            2 
       2            3            4 
       3            5            6 
       4            7            8 
       5            9           10 
       6           11           12 
       7           13           14 
       8           15           16 
       9           18           17 
      10           20           19 
      11           22           21 
      12           24           23 
      13           26           25 
      14           28           27 
      15           30           29 
      16           32           31 

 Resultados Encontrados 

 *** PONTOS DO CONTORNO *** 

 LPoint    Desloc-X   Desloc-Y       FSuperf-X   FSuperf-Y 
   1         0.0044    -0.0002          0.0000     0.0000
   2         0.0029     0.0033          0.0000     0.0000
   3         0.0033     0.0029          0.0000     0.0000
   4        -0.0002     0.0044          0.0000     0.0000
   5         0.0002     0.0044          0.0000     0.0000
   6        -0.0033     0.0029         -0.0000     0.0000
   7        -0.0029     0.0033         -0.0000     0.0000
   8        -0.0044    -0.0002         -0.0000     0.0000
   9        -0.0044     0.0002         -0.0000     0.0000
  10        -0.0029    -0.0033         -0.0000    -0.0000
  11        -0.0033    -0.0029         -0.0000    -0.0000
  12         0.0002    -0.0044         -0.0000    -0.0000
  13        -0.0002    -0.0044         -0.0000    -0.0000
  14         0.0033    -0.0029          0.0000    -0.0000
  15         0.0029    -0.0033          0.0000    -0.0000
  16         0.0044     0.0002          0.0000     0.0000
  17         0.0063     0.0038        100.0000     0.0000
  18         0.0072     0.0017         70.7107    70.7107
  19         0.0017     0.0072         70.7107    70.7107
  20         0.0038     0.0063          0.0000   100.0000
  21        -0.0038     0.0063          0.0000   100.0000
  22        -0.0017     0.0072        -70.7107    70.7107
  23        -0.0072     0.0017        -70.7107    70.7107
  24        -0.0063     0.0038       -100.0000     0.0000
  25        -0.0063    -0.0038       -100.0000     0.0000
  26        -0.0072    -0.0017        -70.7107   -70.7107
  27        -0.0017    -0.0072        -70.7107   -70.7107
  28        -0.0038    -0.0063         -0.0000  -100.0000
  29         0.0038    -0.0063         -0.0000  -100.0000
  30         0.0017    -0.0072         70.7107   -70.7107
  31         0.0072    -0.0017         70.7107   -70.7107
  32         0.0063    -0.0038        100.0000     0.0000

 *** PONTOS INTERNOS *** 

 P_int   Coord-X   Coord-Y        Desloc-X   Desloc-Y       Tensao-X   Tensao-Y   Tensao_XY      Sigma1    Sigma2    Teta1  Teta2
   0    12.0000     0.0000         0.0057     0.0000        -25.6332    90.8052     0.0000     -25.6332    90.8052   -0.0   90.0
   1    16.0000     0.0000         0.0049     0.0000        -18.0403    55.1770     0.0000     -18.0403    55.1770   -0.0   90.0
   2    18.0000     0.0000         0.0046     0.0000        -11.7019    47.1125    -0.0000     -11.7019    47.1125    0.0   90.0
   3    20.0000     0.0000         0.0043     0.0000         -6.2985    40.5785    -0.0000      -6.2985    40.5785    0.0   90.0
   4    24.0000     0.0000         0.0041     0.0000        -37.4741    47.3492     0.0001     -37.4740    47.3491   -0.0   90.0

 *** PROC. ITERATIVO: PONTOS INTERNOS sigmaMax E DeslMax *** 

 Passo de Carga P_int   Coord-X   Coord-Y       F.Superf.       Tensao-Y
              1    0    12.0000     0.0000     0.00000000     0.00000000 
              2    0    12.0000     0.0000     0.00001101     0.00100000 
              3    0    12.0000     0.0000     0.00002203     0.00200000 
              4    0    12.0000     0.0000     0.00003304     0.00300000 
              5    0    12.0000     0.0000     0.00004405     0.00400000 
              6    0    12.0000     0.0000     0.00005506     0.00500000 
              7    0    12.0000     0.0000     0.00006608     0.00600000 
              8    0    12.0000     0.0000     0.00007709     0.00700000 
              9    0    12.0000     0.0000     0.00008810     0.00800000 
             10    0    12.0000     0.0000     0.00009911     0.00900000 
             11    0    12.0000     0.0000     0.00011013     0.01000000 
             12    0    12.0000     0.0000     0.00012114     0.01100000 
             13    0    12.0000     0.0000     0.00013215     0.01200000 
             14    0    12.0000     0.0000     0.00014316     0.01300000 
             15    0    12.0000     0.0000     0.00015418     0.01400000 
             16    0    12.0000     0.0000     0.00016519     0.01500000 
             17    0    12.0000     0.0000     0.00017620     0.01600000 
             18    0    12.0000     0.0000     0.00018721     0.01700000 
             19    0    12.0000     0.0000     0.00019823     0.01800000 
             20    0    12.0000     0.0000     0.00020924     0.01900000 
             21    0    12.0000     0.0000     0.00022025     0.02000000 

 Passo de Carga P_int   Coord-X   Coord-Y        Desloc-Y      F.Superf.
              1    4    24.0000     0.0000     0.00000000     0.00000000 
              2    4    24.0000     0.0000     0.00000000     0.00001101 
              3    4    24.0000     0.0000     0.00000000     0.00002203 
              4    4    24.0000     0.0000     0.00000000     0.00003304 
              5    4    24.0000     0.0000     0.00000000     0.00004405 
              6    4    24.0000     0.0000     0.00000000     0.00005506 
              7    4    24.0000     0.0000     0.00000000     0.00006608 
              8    4    24.0000     0.0000     0.00000000     0.00007709 
              9    4    24.0000     0.0000     0.00000000     0.00008810 
             10    4    24.0000     0.0000     0.00000000     0.00009911 
             11    4    24.0000     0.0000     0.00000000     0.00011013 
             12    4    24.0000     0.0000     0.00000000     0.00012114 
             13    4    24.0000     0.0000     0.00000000     0.00013215 
             14    4    24.0000     0.0000     0.00000000     0.00014316 
             15    4    24.0000     0.0000     0.00000000     0.00015418 
             16    4    24.0000     0.0000     0.00000000     0.00016519 
             17    4    24.0000     0.0000     0.00000000     0.00017620 
             18    4    24.0000     0.0000     0.00000000     0.00018721 
             19    4    24.0000     0.0000     0.00000000     0.00019823 
             20    4    24.0000     0.0000     0.00000000     0.00020924 
             21    4    24.0000     0.0000     0.00000000     0.00022025 
